1.22
1.22
1.22
1.22
1.24
1.25
1.53
1.74
1.88
2.54
2.64
3.27
3.35
3.98
4.16
4.25
5.07
5.13
5.83
5.96
6.00
6.71
6.83
9.90
10.01
10.09
10.48
10.56
10.85
11.05
14.72
15.03
15.06
15.37
15.47
15.54
15.90
19.82
20.16
20.20
20.27
20.54
20.57
20.88
24.84
25.05
25.23
25.25
25.51
25.59
25.69
26.14
29.99
30.30
30.35
30.48
30.68
30.73
31.18
35.08
35.27
35.41
35.43
35.65
35.74
36.02
39.93
39.95
40.18
40.24
40.26
40.48
40.66
44.16
44.19
44.45
44.54
44.74
44.87
45.25
48.81
48.85
48.92
49.12
49.16
49.23
49.49
52.83
53.03
53.14
53.35
53.50
53.66
53.77
55.22
55.55
55.60
55.66
55.75
55.78
