1.35
1.35
1.30
1.30
1.35
1.40
1.55
1.80
2.00
2.35
2.55
2.90
3.15
3.40
3.80
3.95
4.40
4.65
4.85
5.30
5.40
5.80
6.05
6.30
6.70
6.85
7.25
7.50
7.75
8.10
8.30
8.80
8.95
9.20
9.60
9.75
10.20
10.40
10.65
11.05
11.20
11.60
11.80
12.10
12.45
12.65
13.10
13.25
13.60
13.90
14.05
14.55
14.65
15.05
15.35
15.55
15.90
16.10
16.45
16.75
16.95
17.40
17.55
17.90
18.15
18.40
18.85
18.95
19.40
19.60
19.80
20.20
20.40
20.75
21.00
21.25
21.65
21.80
22.20
22.40
22.75
23.10
23.20
23.70
23.85
24.10
24.45
24.65
25.05
25.25
25.55
25.85
26.10
26.40
26.60
27.00
27.20
27.40
27.75
27.80
