1.24
1.24
1.24
1.25
1.26
1.30
1.40
1.58
1.89
2.21
2.54
2.86
3.19
3.51
3.84
4.18
4.51
4.85
5.22
5.56
5.92
6.31
6.65
7.03
7.41
7.76
8.16
8.54
8.89
9.32
9.69
10.04
10.54
10.87
11.21
11.78
12.09
12.43
13.02
13.30
13.72
14.26
14.53
15.10
15.51
15.76
16.42
16.76
17.00
17.73
18.01
18.25
19.00
19.25
19.53
20.28
20.51
20.88
21.54
21.76
22.41
22.80
23.02
23.76
24.07
24.27
25.05
25.32
25.54
26.34
26.58
26.83
27.60
27.83
28.17
28.88
29.09
29.77
30.13
30.33
31.11
31.38
31.58
32.39
32.63
32.84
33.65
33.87
34.12
34.87
35.09
35.41
36.11
36.31
36.90
37.32
37.52
37.80
38.05
38.14
