1.35
1.35
1.35
1.35
1.35
1.40
1.50
1.70
2.05
2.40
2.70
3.05
3.40
3.75
4.15
4.50
4.85
5.20
5.60
5.95
6.35
6.75
7.10
7.50
7.85
8.25
8.65
9.05
9.45
9.85
10.20
10.60
11.00
11.40
11.75
12.20
12.55
12.95
13.35
13.75
14.15
14.50
14.90
15.30
15.70
16.10
16.50
16.90
17.25
17.65
18.05
18.45
18.85
19.25
19.65
20.05
20.45
20.85
21.20
21.60
22.00
22.40
22.80
23.20
23.60
23.95
24.40
24.80
25.15
25.55
25.95
26.35
26.75
27.15
27.55
27.90
28.30
28.70
29.10
29.50
29.90
30.25
30.65
31.05
31.45
31.80
32.20
32.60
32.95
33.35
33.75
34.10
34.50
34.90
35.25
35.65
36.00
36.30
36.60
36.70
