1.35
1.35
1.35
1.35
1.35
1.40
1.50
1.70
2.00
2.35
2.70
3.05
3.40
3.75
4.10
4.45
4.80
5.20
5.55
5.95
6.30
6.75
7.10
7.55
7.95
8.35
8.80
9.20
9.55
10.05
10.40
10.80
11.30
11.70
12.05
12.60
12.95
13.35
13.90
14.25
14.65
15.25
15.55
16.05
16.55
16.85
17.45
17.85
18.15
18.80
19.20
19.45
20.15
20.50
20.80
21.50
21.80
22.15
22.85
23.10
23.60
24.20
24.45
25.10
25.50
25.75
26.45
26.80
27.05
27.85
28.15
28.40
29.15
29.45
29.80
30.50
30.75
31.25
31.85
32.05
32.75
33.15
33.40
34.15
34.45
34.70
35.45
35.75
36.00
36.75
37.05
37.35
38.05
38.30
38.70
39.35
39.60
39.85
40.15
40.25
