1.30
1.30
1.30
1.30
1.35
1.35
1.55
1.85
2.00
2.70
2.80
3.45
3.55
3.80
4.35
4.45
5.30
5.40
5.65
6.25
6.30
7.00
7.15
10.20
10.35
10.45
10.85
10.95
11.15
11.50
15.10
15.45
15.50
15.80
15.95
16.00
16.40
16.60
20.65
20.70
20.80
21.10
21.10
21.40
21.65
25.55
25.80
25.85
26.10
26.20
26.30
26.70
30.60
30.95
31.00
31.10
31.35
31.40
31.85
35.75
35.95
36.15
36.15
36.35
36.50
36.65
40.70
40.75
40.95
41.05
41.10
41.30
41.50
45.05
45.05
45.35
45.45
45.60
45.80
46.15
49.75
49.80
49.90
50.10
50.15
50.20
50.50
53.80
54.05
54.10
54.35
54.50
54.70
54.80
55.25
56.55
56.65
56.70
56.80
56.85
