1.35
1.35
1.30
1.30
1.35
1.40
1.55
1.80
2.00
2.30
2.55
2.80
3.10
3.35
3.65
3.85
4.25
4.50
4.75
5.10
5.30
5.60
5.90
6.15
6.50
6.70
7.00
7.25
7.55
7.85
8.05
8.45
8.65
8.95
9.30
9.45
9.80
10.05
10.30
10.65
10.85
11.15
11.40
11.70
12.00
12.25
12.60
12.75
13.10
13.40
13.60
13.95
14.15
14.45
14.75
15.00
15.30
15.50
15.80
16.10
16.35
16.65
16.85
17.20
17.45
17.70
18.10
18.25
18.60
18.85
19.05
19.35
19.60
19.90
20.15
20.45
20.70
20.95
21.25
21.50
21.80
22.10
22.30
22.65
22.85
23.10
23.40
23.65
23.95
24.20
24.45
24.75
25.00
25.25
25.45
25.85
26.00
26.25
26.55
26.60
