1.35
1.35
1.35
1.35
1.35
1.40
1.50
1.70
2.00
2.35
2.65
3.00
3.35
3.70
4.05
4.40
4.75
5.10
5.45
5.85
6.20
6.55
6.95
7.30
7.70
8.05
8.40
8.80
9.15
9.55
9.95
10.30
10.70
11.10
11.45
11.85
12.20
12.60
13.00
13.35
13.75
14.15
14.50
14.90
15.30
15.65
16.05
16.45
16.75
17.20
17.60
17.90
18.35
18.70
19.05
19.50
19.85
20.20
20.65
21.00
21.35
21.80
22.10
22.50
22.95
23.25
23.65
24.05
24.40
24.80
25.20
25.55
25.95
26.35
26.70
27.10
27.45
27.85
28.25
28.60
28.95
29.40
29.70
30.10
30.50
30.85
31.25
31.65
32.00
32.40
32.80
33.15
33.55
33.90
34.25
34.65
35.00
35.35
35.65
35.80
