1.35
1.35
1.35
1.35
1.35
1.40
1.50
1.70
2.00
2.35
2.70
3.05
3.40
3.75
4.10
4.45
4.80
5.15
5.55
5.95
6.30
6.75
7.10
7.50
7.95
8.30
8.75
9.15
9.55
10.00
10.40
10.80
11.30
11.65
12.05
12.60
12.95
13.35
13.90
14.25
14.65
15.20
15.55
16.00
16.55
16.85
17.40
17.85
18.15
18.80
19.15
19.45
20.15
20.45
20.80
21.50
21.80
22.15
22.85
23.10
23.60
24.15
24.40
25.05
25.50
25.70
26.45
26.80
27.05
27.80
28.15
28.40
29.15
29.45
29.75
30.50
30.75
31.20
31.80
32.05
32.75
33.15
33.35
34.10
34.45
34.70
35.45
35.75
36.00
36.75
37.00
37.35
38.05
38.30
38.70
39.30
39.55
39.85
40.10
40.25
