1.26
1.24
1.23
1.23
1.26
1.30
1.43
1.67
1.88
2.14
2.36
2.63
2.88
3.12
3.41
3.59
3.94
4.18
4.38
4.73
4.88
5.16
5.43
5.66
5.97
6.15
6.43
6.68
6.93
7.20
7.41
7.76
7.94
8.21
8.52
8.67
8.99
9.19
9.45
9.75
9.94
10.22
10.44
10.71
10.97
11.20
11.52
11.68
11.98
12.24
12.43
12.78
12.93
13.23
13.50
13.69
13.98
14.18
14.46
14.71
14.94
15.23
15.41
15.72
15.93
16.18
16.52
16.65
16.98
17.20
17.40
17.69
17.88
18.16
18.40
18.65
18.91
19.11
19.40
19.61
19.91
20.17
20.32
20.69
20.84
21.07
21.36
21.55
21.85
22.04
22.30
22.56
22.80
23.01
23.22
23.55
23.69
23.96
24.19
24.24
