1.35
1.35
1.30
1.30
1.35
1.40
1.55
1.80
2.00
2.40
2.60
2.95
3.20
3.40
3.90
4.00
4.55
4.75
4.90
5.40
5.55
5.95
6.20
6.40
6.90
7.05
7.50
7.70
7.95
8.35
8.55
9.10
9.20
9.50
9.95
10.05
10.55
10.70
11.00
11.40
11.55
12.00
12.20
12.50
12.90
13.05
13.60
13.70
14.10
14.40
14.55
15.10
15.20
15.65
15.90
16.10
16.50
16.70
17.05
17.40
17.55
18.05
18.20
18.60
18.85
19.05
19.60
19.70
20.20
20.35
20.55
21.00
21.15
21.60
21.85
22.05
22.50
22.65
23.10
23.30
23.65
24.00
24.15
24.70
24.80
25.00
25.45
25.60
26.10
26.25
26.60
26.90
27.15
27.45
27.70
28.15
28.30
28.50
28.95
28.95
