1.35
1.35
1.35
1.35
1.35
1.40
1.50
1.70
2.05
2.40
2.75
3.10
3.45
3.85
4.20
4.55
4.95
5.30
5.70
6.10
6.50
6.90
7.35
7.75
8.15
8.60
9.00
9.40
9.85
10.30
10.70
11.10
11.55
12.00
12.40
12.85
13.30
13.70
14.15
14.60
15.05
15.45
15.90
16.35
16.75
17.20
17.65
18.10
18.55
18.95
19.40
19.85
20.30
20.75
21.15
21.60
22.05
22.50
22.95
23.40
23.85
24.25
24.70
25.15
25.60
26.00
26.45
26.90
27.35
27.80
28.25
28.65
29.10
29.55
30.00
30.40
30.90
31.35
31.75
32.20
32.65
33.10
33.50
34.00
34.40
34.85
35.30
35.75
36.15
36.60
37.05
37.45
37.90
38.35
38.75
39.20
39.60
40.00
40.30
40.45
