1.35
1.35
1.30
1.30
1.35
1.40
1.55
1.80
2.00
2.40
2.60
2.90
3.25
3.40
3.90
4.05
4.60
4.75
4.90
5.45
5.55
5.90
6.25
6.45
6.90
7.05
7.45
7.70
8.00
8.35
8.55
9.10
9.20
9.50
9.95
10.05
10.55
10.70
11.00
11.45
11.60
12.00
12.20
12.50
12.85
13.05
13.60
13.70
14.05
14.40
14.55
15.10
15.20
15.60
15.90
16.10
16.45
16.65
17.00
17.35
17.55
18.00
18.15
18.55
18.80
19.00
19.55
19.65
20.15
20.30
20.50
20.95
21.10
21.45
21.75
22.00
22.40
22.60
23.00
23.20
23.55
23.90
24.05
24.60
24.70
24.95
25.35
25.50
25.95
26.15
26.40
26.75
27.00
27.40
27.65
28.10
28.25
28.45
28.85
28.90
