1.35
1.35
1.35
1.35
1.40
1.45
1.55
1.75
2.05
2.35
2.65
2.95
3.25
3.55
3.90
4.20
4.50
4.80
5.15
5.45
5.75
6.05
6.40
6.70
7.00
7.35
7.65
7.95
8.25
8.60
8.90
9.20
9.50
9.85
10.15
10.45
10.75
11.05
11.40
11.70
12.00
12.30
12.60
12.95
13.25
13.55
13.85
14.20
14.45
14.80
15.10
15.40
15.75
16.05
16.35
16.65
16.95
17.25
17.60
17.90
18.20
18.50
18.80
19.10
19.40
19.70
20.05
20.35
20.60
20.95
21.25
21.55
21.85
22.15
22.45
22.75
23.05
23.35
23.65
23.95
24.30
24.60
24.85
25.15
25.50
25.75
26.10
26.40
26.65
26.95
27.25
27.55
27.85
28.15
28.45
28.70
29.00
29.25
29.45
29.55
