1.23
1.23
1.23
1.23
1.25
1.29
1.38
1.57
1.87
2.19
2.51
2.83
3.16
3.48
3.80
4.14
4.47
4.81
5.17
5.51
5.86
6.25
6.59
6.96
7.34
7.69
8.07
8.45
8.80
9.23
9.60
9.94
10.44
10.77
11.10
11.68
11.97
12.31
12.90
13.18
13.61
14.14
14.40
14.98
15.38
15.62
16.29
16.62
16.85
17.59
17.86
18.10
18.85
19.10
19.37
20.12
20.35
20.72
21.37
21.58
22.25
22.62
22.83
23.58
23.88
24.07
24.86
25.12
25.34
26.15
26.38
26.63
27.40
27.62
27.96
28.66
28.87
29.57
29.91
30.11
30.89
31.15
31.35
32.16
32.39
32.60
33.41
33.62
33.87
34.62
34.83
35.16
35.85
36.05
36.68
37.05
37.26
37.54
37.78
37.87
