1.23
1.23
1.23
1.23
1.25
1.26
1.52
1.73
1.87
2.54
2.63
3.28
3.37
3.96
4.18
4.27
5.08
5.14
5.84
5.96
6.01
6.73
6.84
9.87
9.98
10.06
10.46
10.54
10.82
11.05
14.71
15.02
15.05
15.35
15.47
15.53
15.90
19.82
20.17
20.20
20.28
20.55
20.58
20.88
21.52
25.05
25.25
25.27
25.52
25.60
25.70
26.13
30.00
30.32
30.37
30.48
30.70
30.75
31.19
35.09
35.28
35.43
35.45
35.68
35.77
36.04
39.96
39.98
40.21
40.27
40.29
40.51
40.68
44.20
44.23
44.48
44.58
44.78
44.91
45.29
48.86
48.90
48.97
49.17
49.21
49.28
49.55
52.87
53.08
53.18
53.40
53.55
53.71
53.82
55.26
55.60
55.65
55.71
55.80
55.84
