1.35
1.35
1.35
1.35
1.35
1.40
1.50
1.65
1.95
2.30
2.65
2.95
3.30
3.60
3.95
4.30
4.65
5.00
5.35
5.65
6.00
6.40
6.75
7.10
7.45
7.80
8.15
8.50
8.85
9.25
9.60
9.95
10.35
10.70
11.05
11.40
11.80
12.15
12.50
12.85
13.25
13.60
13.95
14.35
14.70
15.05
15.45
15.80
16.15
16.50
16.90
17.25
17.65
18.00
18.35
18.75
19.10
19.45
19.85
20.15
20.55
20.95
21.25
21.65
22.00
22.35
22.75
23.10
23.45
23.80
24.20
24.55
24.90
25.30
25.65
26.00
26.35
26.70
27.10
27.45
27.80
28.20
28.55
28.90
29.30
29.60
30.00
30.40
30.70
31.10
31.45
31.80
32.20
32.55
32.90
33.25
33.60
33.95
34.25
34.35
