1.35
1.35
1.30
1.30
1.35
1.40
1.55
1.75
2.00
2.25
2.50
2.80
3.05
3.30
3.60
3.80
4.15
4.40
4.65
4.95
5.15
5.45
5.70
6.00
6.30
6.50
6.80
7.05
7.35
7.60
7.85
8.20
8.40
8.65
9.00
9.20
9.50
9.75
10.00
10.30
10.55
10.80
11.05
11.35
11.60
11.85
12.20
12.40
12.70
12.95
13.20
13.55
13.70
14.05
14.30
14.55
14.85
15.05
15.35
15.60
15.85
16.15
16.35
16.70
16.90
17.20
17.55
17.70
18.05
18.25
18.50
18.80
19.00
19.30
19.55
19.85
20.10
20.35
20.65
20.85
21.15
21.45
21.65
22.00
22.20
22.45
22.75
22.95
23.25
23.50
23.75
24.00
24.25
24.50
24.75
25.05
25.30
25.60
25.75
25.85
