1.35
1.35
1.35
1.35
1.35
1.40
1.50
1.75
2.05
2.40
2.75
3.10
3.40
3.75
4.10
4.45
4.80
5.15
5.55
5.90
6.25
6.65
7.00
7.40
7.75
8.15
8.50
8.90
9.25
9.65
10.05
10.40
10.85
11.20
11.55
12.00
12.35
12.70
13.15
13.50
13.90
14.35
14.65
15.05
15.50
15.80
16.25
16.65
16.95
17.40
17.80
18.10
18.60
18.95
19.30
19.75
20.10
20.45
20.90
21.25
21.65
22.05
22.40
22.80
23.20
23.55
23.95
24.40
24.70
25.15
25.50
25.85
26.30
26.65
27.00
27.45
27.80
28.20
28.60
28.95
29.35
29.75
30.10
30.50
30.90
31.25
31.65
32.05
32.40
32.80
33.20
33.55
33.95
34.35
34.70
35.10
35.45
35.80
36.10
36.25
