1.30
1.30
1.30
1.30
1.35
1.35
1.55
1.85
1.95
2.65
2.75
3.45
3.55
3.75
4.35
4.45
5.30
5.35
5.60
6.20
6.30
7.00
7.10
10.15
10.30
10.40
10.80
10.90
11.10
11.40
15.05
15.40
15.45
15.70
15.90
15.95
16.35
16.50
20.60
20.65
20.70
21.00
21.05
21.30
21.55
25.50
25.75
25.75
26.00
26.15
26.20
26.60
30.55
30.85
30.90
31.00
31.25
31.35
31.75
35.70
35.85
36.05
36.10
36.30
36.40
36.55
40.65
40.65
40.90
41.00
41.00
41.20
41.40
44.95
45.00
45.25
45.35
45.50
45.70
46.05
49.65
49.75
49.80
50.00
50.05
50.10
50.40
53.70
53.95
54.05
54.30
54.40
54.60
54.75
55.20
56.50
56.55
56.60
56.70
56.75
