1.25
1.24
1.22
1.23
1.26
1.30
1.44
1.68
1.86
2.20
2.38
2.69
2.93
3.16
3.51
3.65
4.09
4.27
4.46
4.87
4.98
5.35
5.58
5.80
6.17
6.31
6.67
6.88
7.14
7.45
7.62
8.07
8.20
8.48
8.83
8.94
9.35
9.51
9.79
10.12
10.28
10.63
10.82
11.11
11.39
11.59
12.00
12.12
12.46
12.73
12.87
13.32
13.43
13.79
14.04
14.21
14.57
14.74
15.07
15.32
15.53
15.90
16.03
16.41
16.60
16.83
17.25
17.34
17.76
17.94
18.13
18.48
18.64
18.99
19.20
19.45
19.76
19.93
20.29
20.47
20.79
21.08
21.20
21.67
21.77
22.01
22.34
22.50
22.87
23.04
23.31
23.59
23.82
24.08
24.27
24.63
24.79
25.03
25.31
25.36
