1.35
1.35
1.35
1.35
1.35
1.40
1.50
1.70
2.05
2.40
2.75
3.15
3.50
3.85
4.25
4.60
5.00
5.40
5.80
6.20
6.60
7.00
7.45
7.85
8.30
8.75
9.20
9.60
10.05
10.50
10.95
11.40
11.85
12.30
12.75
13.20
13.70
14.10
14.60
15.05
15.50
15.95
16.40
16.90
17.35
17.80
18.25
18.70
19.15
19.65
20.10
20.55
21.05
21.50
21.95
22.40
22.90
23.35
23.80
24.30
24.75
25.20
25.70
26.15
26.60
27.05
27.55
28.05
28.45
28.95
29.45
29.85
30.30
30.80
31.30
31.70
32.20
32.70
33.10
33.55
34.05
34.50
34.95
35.45
35.90
36.35
36.80
37.30
37.75
38.15
38.65
39.10
39.55
40.00
40.50
40.90
41.35
41.75
42.05
42.15
