1.25
1.24
1.22
1.23
1.27
1.30
1.45
1.70
1.86
2.24
2.41
2.75
2.98
3.20
3.60
3.72
4.25
4.38
4.54
5.01
5.11
5.55
5.74
5.94
6.38
6.50
6.92
7.11
7.37
7.71
7.87
8.40
8.49
8.80
9.16
9.26
9.74
9.87
10.16
10.52
10.66
11.06
11.24
11.55
11.85
12.04
12.52
12.61
13.03
13.25
13.37
13.89
13.98
14.43
14.64
14.80
15.19
15.35
15.72
15.98
16.17
16.61
16.71
17.15
17.31
17.52
18.01
18.09
18.60
18.73
18.91
19.30
19.46
19.88
20.06
20.29
20.67
20.81
21.22
21.39
21.83
22.06
22.16
22.69
22.77
22.99
23.38
23.51
23.97
24.10
24.41
24.70
24.93
25.22
25.41
25.86
25.98
26.20
26.55
26.58
