1.35
1.40
1.40
1.45
1.55
1.65
1.80
2.00
2.25
2.45
2.65
2.90
3.05
3.30
3.50
3.65
3.95
4.10
4.30
4.55
4.70
4.90
5.10
5.30
5.50
5.65
5.85
6.05
6.25
6.45
6.65
6.85
7.00
7.25
7.45
7.60
7.80
7.95
8.15
8.40
8.55
8.75
8.90
9.15
9.30
9.50
9.70
9.85
10.05
10.25
10.40
10.65
10.75
11.00
11.20
11.35
11.55
11.70
11.90
12.10
12.25
12.45
12.60
12.85
13.00
13.20
13.40
13.55
13.75
13.90
14.10
14.30
14.45
14.65
14.80
15.00
15.20
15.35
15.55
15.70
15.95
16.10
16.25
16.50
16.60
16.80
17.00
17.15
17.35
17.50
17.70
17.85
18.05
18.20
18.35
18.55
18.70
18.85
18.95
19.00
