1.24
1.24
1.24
1.25
1.26
1.31
1.40
1.60
1.92
2.25
2.58
2.92
3.25
3.58
3.92
4.27
4.62
4.97
5.34
5.71
6.08
6.46
6.85
7.24
7.61
8.03
8.43
8.81
9.22
9.64
10.04
10.44
10.87
11.27
11.67
12.10
12.52
12.93
13.34
13.77
14.18
14.58
15.02
15.44
15.85
16.28
16.70
17.12
17.53
17.96
18.39
18.80
19.23
19.67
20.09
20.50
20.94
21.37
21.77
22.21
22.65
23.06
23.48
23.93
24.36
24.74
25.19
25.65
26.03
26.46
26.92
27.32
27.73
28.18
28.62
28.99
29.44
29.89
30.29
30.70
31.16
31.58
31.96
32.42
32.85
33.24
33.67
34.11
34.52
34.92
35.37
35.79
36.17
36.61
37.04
37.43
37.83
38.21
38.48
38.60
