1.35
1.35
1.35
1.35
1.35
1.40
1.50
1.70
2.05
2.40
2.75
3.10
3.50
3.85
4.20
4.60
4.95
5.35
5.75
6.15
6.55
6.95
7.40
7.80
8.20
8.65
9.10
9.50
9.95
10.40
10.80
11.25
11.70
12.15
12.55
13.05
13.45
13.90
14.35
14.80
15.25
15.65
16.15
16.60
17.00
17.50
17.90
18.35
18.80
19.25
19.70
20.15
20.60
21.05
21.50
21.95
22.40
22.85
23.30
23.75
24.20
24.65
25.10
25.55
26.00
26.45
26.90
27.40
27.80
28.25
28.75
29.15
29.60
30.10
30.50
30.95
31.40
31.90
32.30
32.75
33.25
33.65
34.10
34.55
35.00
35.45
35.90
36.35
36.80
37.25
37.70
38.15
38.55
39.00
39.45
39.90
40.30
40.70
41.00
41.15
