1.23
1.23
1.22
1.23
1.25
1.26
1.54
1.75
1.89
2.55
2.66
3.29
3.38
3.98
4.18
4.27
5.10
5.16
5.86
5.99
6.04
6.74
6.86
9.93
10.04
10.13
10.52
10.60
10.88
11.10
14.77
15.08
15.11
15.41
15.53
15.59
15.96
19.88
20.22
20.25
20.33
20.60
20.63
20.94
21.58
25.10
25.30
25.32
25.57
25.66
25.76
26.18
30.06
30.38
30.42
30.54
30.76
30.81
31.25
35.15
35.34
35.49
35.51
35.73
35.82
36.10
40.02
40.04
40.27
40.33
40.35
40.58
40.75
44.27
44.29
44.54
44.64
44.84
44.97
45.35
48.92
48.96
49.03
49.23
49.27
49.34
49.61
52.93
53.15
53.24
53.47
53.61
53.77
53.89
55.33
55.66
55.72
55.77
55.87
55.91
