1.35
1.35
1.35
1.35
1.35
1.40
1.50
1.70
2.00
2.35
2.70
3.00
3.35
3.70
4.05
4.40
4.75
5.10
5.45
5.80
6.15
6.50
6.90
7.25
7.60
7.95
8.35
8.70
9.10
9.45
9.85
10.20
10.60
10.95
11.30
11.70
12.05
12.40
12.85
13.20
13.55
13.95
14.30
14.65
15.10
15.40
15.80
16.20
16.55
16.95
17.30
17.65
18.05
18.45
18.75
19.20
19.55
19.90
20.30
20.65
21.05
21.45
21.75
22.15
22.55
22.90
23.30
23.70
24.00
24.40
24.80
25.10
25.55
25.90
26.25
26.65
27.00
27.35
27.75
28.10
28.50
28.90
29.20
29.60
30.00
30.35
30.75
31.10
31.45
31.85
32.20
32.60
32.95
33.35
33.70
34.05
34.40
34.75
35.05
35.20
