1.35
1.35
1.30
1.30
1.35
1.40
1.55
1.80
2.00
2.35
2.55
2.90
3.15
3.40
3.80
3.95
4.40
4.65
4.80
5.30
5.40
5.80
6.05
6.30
6.70
6.85
7.25
7.50
7.75
8.10
8.30
8.80
8.95
9.20
9.60
9.75
10.20
10.40
10.65
11.05
11.20
11.60
11.80
12.10
12.45
12.65
13.10
13.25
13.60
13.90
14.05
14.55
14.70
15.05
15.35
15.55
15.95
16.10
16.45
16.75
17.00
17.40
17.55
17.95
18.20
18.40
18.90
19.00
19.45
19.65
19.85
20.25
20.40
20.80
21.05
21.30
21.70
21.85
22.25
22.45
22.75
23.15
23.25
23.75
23.90
24.15
24.50
24.70
25.10
25.30
25.60
25.90
26.15
26.45
26.65
27.05
27.25
27.50
27.80
27.85
