1.27
1.26
1.23
1.22
1.26
1.30
1.44
1.64
1.85
2.10
2.31
2.58
2.81
3.04
3.31
3.52
3.83
4.06
4.28
4.56
4.73
5.03
5.25
5.49
5.76
5.96
6.24
6.46
6.72
6.96
7.17
7.51
7.67
7.93
8.22
8.39
8.69
8.88
9.14
9.42
9.61
9.88
10.09
10.37
10.60
10.82
11.13
11.28
11.59
11.82
12.01
12.35
12.49
12.79
13.04
13.23
13.51
13.69
13.98
14.21
14.44
14.70
14.89
15.20
15.38
15.65
15.96
16.08
16.42
16.61
16.82
17.10
17.28
17.56
17.78
18.03
18.27
18.48
18.75
18.95
19.24
19.49
19.67
19.99
20.15
20.38
20.66
20.85
21.12
21.32
21.57
21.81
22.04
22.27
22.48
22.74
22.95
23.23
23.37
23.45
